# numStates:
8
# numObservations:
14
# defaultProbability:
5.2181816724235816E-24
# Quantizer: Radius
0.6460217284054384
# Quantizer: MAP
0.783164795188064, 0.25986775019691793, 0.0779077233407132
0.7122501834316358, 0.3786096811054575, 0.6578288586728693
-0.24265938269039244, 0.04861877287308273, 1.116511912924877
-0.6269556678656808, -0.009122009689992152, 0.6514422126699635
-1.033152874264246, -0.33127890763379325, -0.0736140579060128
-0.4841487786170591, -0.17271265924943777, -0.28690589769639185
-0.11171424500744297, -0.1634694576036193, -0.6788670515869474
0.35717714055573274, 0.03249370288880374, -0.4189217901791511
0.0, 0.6460217284054384, 0.0
0.12943938666783067, 0.22970396805057824, 0.906102274884076
0.0, -0.4568063449493395, 0.4568063449493396
0.0, -0.6460217284054384, 0.0
0.0, -0.45680634494933964, -0.4568063449493395
0.0, 0.4568063449493394, -0.45680634494933964
# HMM: PI
1.0, 0.0, 0.0, 0.0, 0.0, 0.0, 0.0, 0.0
# HMM: A
0.33333333333333326, 0.33333333333333326, 0.33333333333333326, 0.0, 0.0, 0.0, 0.0, 0.0
0.0, 0.3333333333333332, 0.3333333333333332, 0.3333333333333332, 0.0, 0.0, 0.0, 0.0
0.0, 0.0, 0.33333333333333337, 0.33333333333333337, 0.3333333333333334, 0.0, 0.0, 0.0
0.0, 0.0, 0.0, 0.33333333333333337, 0.33333333333333337, 0.33333333333333337, 0.0, 0.0
0.0, 0.0, 0.0, 0.0, 0.33333333333333337, 0.33333333333333337, 0.33333333333333337, 0.0
0.0, 0.0, 0.0, 0.0, 0.0, 0.33333333333333337, 0.33333333333333337, 0.33333333333333337
0.0, 0.0, 0.0, 0.0, 0.0, 0.0, 0.5, 0.5
0.0, 0.0, 0.0, 0.0, 0.0, 0.0, 0.0, 1.0
# HMM: B
1.2560442665452965E-6, 0.02469147094725316, 0.501854392287958, 0.005983731117017384, 1.4564811031881973E-12, 9.512919699212803E-4, 9.357274868178476E-5, 3.196182705424556E-5, 0.0, 0.4663923230563911, 0.0, 0.0, 0.0, 0.0
3.011039180238205E-5, 0.04938588222441422, 0.6364883469117717, 0.053740682456325184, 6.934936734689526E-11, 0.011394596139751497, 0.0014672430054050304, 5.793945847169564E-4, 0.0, 0.2469137442164634, 0.0, 0.0, 0.0, 0.0
1.3109623186606656E-4, 0.03293774863947295, 0.6247015649099151, 0.10034606811687419, 5.744871549217397E-10, 0.02704596264410981, 0.004364993776759239, 0.001966774888129349, 0.0, 0.20850579021838622, 0.0, 0.0, 0.0, 0.0
7.172267183737519E-4, 1.0063608439791459E-4, 0.5538996926782969, 0.22634334597687808, 5.895511998450337E-9, 0.08007545307349921, 0.016300354881567246, 0.008426892811831012, 0.0, 0.11413639187964383, 0.0, 0.0, 0.0, 0.0
0.0022988534383682146, 3.723188889560475E-4, 0.4309783538383829, 0.29861722558700626, 3.523665735338802E-8, 0.13906494766926228, 0.035589580232038065, 0.02121649590939839, 0.0, 0.07186218919993054, 0.0, 0.0, 0.0, 0.0
0.006928479036427234, 0.0012974446031148665, 0.266170460069784, 0.35416610662953646, 1.9800088315189172E-7, 0.22361635106537459, 0.07239983742770742, 0.0502020125109592, 0.0, 0.025219110656213153, 0.0, 0.0, 0.0, 0.0
0.028769276045434666, 0.007993477894749662, 0.1292428449947021, 0.28928462305405583, 8.68760465889066E-6, 0.28136230266879525, 0.13210842949016627, 0.12364777069114906, 0.0, 0.007582587556288207, 0.0, 0.0, 0.0, 0.0
0.11012577447228095, 0.10697364029235037, 0.05145466099900636, 0.16930310131362777, 0.07010831126318735, 0.122859832880348, 0.1413285437169357, 0.12510966034848273, 0.0, 0.10273647471378082, 0.0, 0.0, 0.0, 0.0
# END