# numStates:
8
# numObservations:
14
# defaultProbability:
8.408570415211184E-19
# Quantizer: Radius
1.922545062982266
# Quantizer: MAP
0.5431473567081615, 0.693619933069781, 1.9679821499067516
1.1044319535038642, 2.6969249791628402, 2.0552462239482705
0.19731317538094234, 0.9705759569712018, 3.3366214427049727
0.3438091983555541, 0.13283611482364333, 1.3090453531322936
-1.922545062982266, 0.0, 0.0
-0.3114749504700562, -0.13884579769920546, -1.466637558816408
-0.4438081924871088, 0.28064210787832816, -2.205752381737375
1.3594446511714782, 0.0, -1.3594446511714786
0.9727189535705557, 2.391411225184666, 0.3752179059145885
0.9342017831898152, 2.2219972225927225, 3.786875386953981
-0.03104930299696799, -0.3880357193856755, 0.44821468992042596
-0.48905918591897357, -0.9873123719279302, -0.06008208627541332
-0.128780377260277, -0.32336612040060897, -0.32262877297743914
0.24633788421899722, 1.488556254361422, -0.9604898154013936
# HMM: PI
1.0, 0.0, 0.0, 0.0, 0.0, 0.0, 0.0, 0.0
# HMM: A
0.3333333333333333, 0.33333333333333337, 0.3333333333333334, 0.0, 0.0, 0.0, 0.0, 0.0
0.0, 0.3333333333333336, 0.3333333333333336, 0.3333333333333336, 0.0, 0.0, 0.0, 0.0
0.0, 0.0, 0.3333333333333333, 0.3333333333333333, 0.33333333333333337, 0.0, 0.0, 0.0
0.0, 0.0, 0.0, 0.3333333333333334, 0.3333333333333334, 0.3333333333333334, 0.0, 0.0
0.0, 0.0, 0.0, 0.0, 0.3333333333333332, 0.3333333333333332, 0.3333333333333332, 0.0
0.0, 0.0, 0.0, 0.0, 0.0, 0.33333333333333337, 0.33333333333333337, 0.33333333333333337
0.0, 0.0, 0.0, 0.0, 0.0, 0.0, 0.5, 0.5
0.0, 0.0, 0.0, 0.0, 0.0, 0.0, 0.0, 1.0
# HMM: B
3.789435047229591E-7, 1.9703577545241432E-6, 2.7320040461490285E-7, 4.480358314293892E-9, 0.0, 0.0037913861647153077, 0.0013104714759570393, 0.0, 1.3759551895069004E-5, 7.026666568536235E-7, 0.9025770590005855, 8.914077273445993E-11, 0.09224605052760228, 5.7943541424571704E-5
8.052313172274755E-6, 4.0265534706873805E-5, 6.751232157020349E-6, 1.4681497604834668E-7, 0.0, 0.02520653054566395, 0.011568052503157967, 0.0, 2.2327798176916772E-4, 1.5899701680312468E-5, 0.7919709391609694, 3.5502092646249036E-9, 0.17010628623189364, 8.537944296442686E-4
3.1624634190115456E-5, 1.527972664913175E-4, 3.0364036957788564E-5, 8.550256428404349E-7, 0.0, 0.04206403926370206, 0.02301204565560217, 0.0, 6.970730329542579E-4, 6.610457194335584E-5, 0.731568199157106, 2.481822203114831E-8, 0.19992082601501499, 0.002456046522173025
1.5766460996629998E-4, 7.348615869593558E-4, 1.7226825789965402E-4, 6.2298490553664474E-6, 0.0, 0.0904147184097227, 0.05944240136801018, 0.0, 0.002784525364776035, 3.4771095068940723E-4, 0.5648039694771845, 2.15873680272318E-7, 0.2721072037271741, 0.009028230524882224
4.664635831637835E-4, 0.002086984875564607, 5.75118323941523E-4, 2.658219740305812E-5, 0.0, 0.1283958701327791, 0.09703282967246202, 0.0, 0.0066491944043150664, 0.0010786915904332465, 0.44679506601966884, 1.096308591307687E-6, 0.2970650479198513, 0.019827054971825728
0.0013192841089845475, 0.00561124817753687, 0.001814526069545069, 1.0693695323982169E-4, 0.0, 0.17808774851818165, 0.15478355559146115, 0.0, 0.01519247538693949, 0.003167541415619392, 0.29231939331478235, 5.241218035263156E-6, 0.3060964046901293, 0.041495644555545316
0.0055012085895245425, 0.018588668191071554, 0.008707245268108168, 0.0010550471965309958, 0.0, 0.20357418840455924, 0.21557268828050474, 0.0, 0.037692957872103104, 0.012845895569922825, 0.16391862537357274, 1.0188564271152955E-4, 0.24681551282839173, 0.08562607678299905
0.11765583257536148, 0.06503969344625726, 0.07403279724612656, 0.10103393008136892, 0.0, 0.0584829565278311, 0.08285459285934782, 0.0, 0.0625841404536881, 0.08015871585107269, 0.11315209556549136, 0.10374222131347072, 0.06021310433349686, 0.0810499197464876
# END