# numStates:
8
# numObservations:
14
# defaultProbability:
4.3874905418715195E-11
# Quantizer: Radius
0.9224920609852179
# Quantizer: MAP
1.2135039885478123, 1.1700750148040622, 0.44956299589289994
0.8276849882012195, 0.5716661808841463, 0.6971493337463416
0.30333062516076603, 0.1422564427979547, 0.8239639207932081
-0.9415024977631081, 0.36687578249781094, 0.3197054282225995
-1.7938900428747426, -1.3204694318506425, 0.13930257166781734
-0.6523003919134018, 0.0, -0.6523003919134016
0.0, 0.0, -0.9224920609852179
0.6523003919134015, 0.0, -0.6523003919134018
0.50353422335085, 1.5961337422093498, 0.37562092145265585
-0.30292663578030565, 1.13708925416921, 0.43801732694927353
-0.2737401272662407, -0.4315179963026805, 0.13122717782341572
-1.1975424493401585, -0.7044481724220413, 0.1451246399341695
0.0, -0.6523003919134018, -0.6523003919134016
0.0, 0.6523003919134015, -0.6523003919134018
# HMM: PI
1.0, 0.0, 0.0, 0.0, 0.0, 0.0, 0.0, 0.0
# HMM: A
0.3333333333333332, 0.3333333333333333, 0.3333333333333334, 0.0, 0.0, 0.0, 0.0, 0.0
0.0, 0.33333333333333337, 0.33333333333333337, 0.3333333333333334, 0.0, 0.0, 0.0, 0.0
0.0, 0.0, 0.3333333333333334, 0.3333333333333335, 0.3333333333333335, 0.0, 0.0, 0.0
0.0, 0.0, 0.0, 0.33333333333333326, 0.3333333333333333, 0.3333333333333333, 0.0, 0.0
0.0, 0.0, 0.0, 0.0, 0.3333333333333333, 0.3333333333333333, 0.33333333333333337, 0.0
0.0, 0.0, 0.0, 0.0, 0.0, 0.3333333333333333, 0.33333333333333337, 0.33333333333333337
0.0, 0.0, 0.0, 0.0, 0.0, 0.0, 0.5, 0.5
0.0, 0.0, 0.0, 0.0, 0.0, 0.0, 0.0, 1.0
# HMM: B
0.022950272661654194, 0.21680466912322496, 0.7062476674413706, 4.522246029331573E-5, 4.358879377161402E-6, 0.0, 0.0, 0.0, 0.0010773353098125172, 2.4906955325015346E-4, 8.19314361957112E-8, 1.2537761681493157E-5, 0.0, 0.05260878487789943
0.13865787732769266, 0.4364529264660784, 0.35591601446318144, 7.40703526953302E-4, 8.779192878179088E-5, 0.0, 0.0, 0.0, 0.012145389088490265, 0.0034760051437566592, 2.0659132342716557E-6, 2.316168741072887E-4, 0.0, 0.0522896092677239
0.2002647815174867, 0.4182390341978221, 0.2896687018377933, 0.0023070352777319458, 3.281169463967744E-4, 0.0, 0.0, 0.0, 0.02732520085868725, 0.009401617943962933, 9.47294063326444E-6, 8.051987638981108E-4, 0.0, 0.05165083971558788
0.3375520265281823, 0.35371714304325996, 0.1370599172322503, 0.00910401284557596, 0.0015542712311577068, 0.0, 0.0, 0.0, 0.07627610150162686, 0.03203006603889308, 5.498629725772054E-5, 0.003563462059867493, 0.0, 0.04908801322192834
0.3594985974388493, 0.2813937842471676, 0.09020600073609034, 0.021193610673316658, 0.004345958645337351, 0.0, 0.0, 0.0, 0.12455151854953596, 0.06416828742237358, 1.8868800733606256E-4, 0.009350553911947859, 0.0, 0.04510300036804517
0.34734883423099594, 0.18513339898042494, 0.04026800568586042, 0.04657651670211398, 0.01152953327692942, 0.0, 0.0, 0.0, 0.18721584591369916, 0.12036736945913493, 6.173973518745368E-4, 0.023359626425496938, 0.0, 0.03758347197346973
0.24536253084978682, 0.10094807728305381, 0.018212120868074937, 0.1003300313144449, 0.036995596210202146, 0.0, 0.0, 0.0, 0.20946017941441886, 0.1933951790055206, 0.0034483053695764446, 0.06707199374425658, 0.0, 0.024775985940664873
0.037671736330932036, 0.009971419431424187, 0.0011872240994982564, 0.13274184652537438, 0.19030490056122001, 0.0, 0.0, 0.0, 0.05806290470945991, 0.11755304211048064, 0.14681909623462006, 0.3027298737831342, 0.0, 0.002957956213856294
# END