# numStates:
8
# numObservations:
14
# defaultProbability:
2.536002021256697E-11
# Quantizer: Radius
1.1449824834985196
# Quantizer: MAP
0.18136627458418825, 0.3671943091338362, 0.11759957617068156
0.5190439655253067, 1.0384287535730021, 1.230613337696049
0.10056664250003537, -0.19758749485721513, 0.9178301582116001
-0.8096248784216173, 0.0, 0.8096248784216176
-0.13906433503289792, -0.5027368739960754, 0.01799878868621829
-0.15810498331882664, -0.18486886199187083, -0.6421679126873785
-0.36914250652974845, 1.5642614114111222, -0.8022278219470088
-0.21152006684487853, 0.6800479840548951, -0.7121530103722008
-0.3045581663962477, 2.527763388190367, -0.3468224922039187
0.3094006761375643, 2.5218267053925776, 0.9241988205905143
0.10329441242144735, -0.9676749270254272, 0.9774754051293787
-0.16878236780262082, -1.003084101136877, 0.4324051963896698
-0.34044475043580696, -0.7844736016948718, -0.5992900674440533
-0.11697899562536096, 1.4999050768294524, 0.19206074776284845
# HMM: PI
1.0, 0.0, 0.0, 0.0, 0.0, 0.0, 0.0, 0.0
# HMM: A
0.33333333333333337, 0.3333333333333334, 0.3333333333333334, 0.0, 0.0, 0.0, 0.0, 0.0
0.0, 0.3333333333333332, 0.3333333333333332, 0.33333333333333326, 0.0, 0.0, 0.0, 0.0
0.0, 0.0, 0.3333333333333335, 0.3333333333333335, 0.3333333333333335, 0.0, 0.0, 0.0
0.0, 0.0, 0.0, 0.3333333333333333, 0.33333333333333337, 0.33333333333333337, 0.0, 0.0
0.0, 0.0, 0.0, 0.0, 0.3333333333333332, 0.3333333333333332, 0.3333333333333332, 0.0
0.0, 0.0, 0.0, 0.0, 0.0, 0.3333333333333332, 0.33333333333333326, 0.33333333333333326
0.0, 0.0, 0.0, 0.0, 0.0, 0.0, 0.4999999999999999, 0.4999999999999999
0.0, 0.0, 0.0, 0.0, 0.0, 0.0, 0.0, 1.0
# HMM: B
6.533247669941364E-5, 3.6519458446656194E-10, 0.9660357479165625, 0.0, 1.2119669805041875E-4, 9.032082380587139E-7, 1.3396871909157605E-7, 2.334621175277312E-6, 8.570775695721845E-8, 1.235690819564453E-9, 0.033204516605221376, 5.668111651699634E-4, 5.909862230793163E-7, 2.3450452983647034E-6
8.872716603399793E-4, 1.3059202007213987E-8, 0.7912225824683019, 0.0, 0.0016433677932134367, 2.0751600223180317E-5, 3.526970843215053E-6, 5.133327765826509E-5, 2.2095057539942572E-6, 4.2166660969494926E-8, 0.20050826573016228, 0.005601085568574715, 1.3369707067626532E-5, 4.618049199827616E-5
0.0023532981820585373, 8.257686236517752E-8, 0.6830247685984489, 0.0, 0.004379605934164362, 8.677654148922465E-5, 1.6767512296453262E-5, 2.0676287303945243E-4, 1.0335919102843006E-5, 2.552714970386349E-7, 0.2978287470543659, 0.011868029332293863, 5.5018139120726773E-5, 1.695520652606361E-4
0.007879001029336353, 6.522898653547463E-7, 0.4082546933710338, 0.0, 0.014845016890430038, 4.5561818823822153E-4, 1.0019242337874276E-4, 0.0010482422072646128, 6.1026304623034054E-5, 1.9331739474117135E-6, 0.5337367773736581, 0.03254267048606273, 2.83771814099459E-4, 7.904044480620222E-4
0.015597736752772257, 3.016971762677464E-6, 0.2672600186062618, 0.0, 0.030057665283210123, 0.0013997549512029916, 3.512144495042701E-4, 0.0031157065830379606, 2.1242145748413097E-4, 8.577681926169979E-6, 0.623090235027972, 0.05586602944616509, 8.545116834699642E-4, 0.002183111105230159
0.029048570793416936, 1.316862543135464E-5, 0.10943612919564936, 0.0, 0.05799880841726229, 0.004037141556411732, 0.0011605472414782365, 0.008705950849375322, 7.01144260975949E-4, 3.592273796801917E-5, 0.6862999820006036, 0.09441546337117192, 0.002408847741545028, 0.0057383232087101005
0.04759421395888271, 1.7984730235546064E-4, 0.03667436592807377, 0.0, 0.10488626456215165, 0.01495022815853481, 0.006175425989889682, 0.030158038666825735, 0.00394771231187148, 4.1494178010176134E-4, 0.5820413287883884, 0.14566617528640374, 0.008315022622838623, 0.018996434643682277
0.07406018242312293, 0.0766317674341, 0.01943366430800638, 0.0, 0.07871503846526945, 0.07493262535031711, 0.07070934181274169, 0.09162101267666092, 0.10002238845738677, 0.07925207952481225, 0.09433015058814122, 0.06908881777534497, 0.04924538996305792, 0.12195754122103859
# END