# numStates:
8
# numObservations:
14
# defaultProbability:
3.1008846685037075E-15
# Quantizer: Radius
1.145673521093398
# Quantizer: MAP
1.5391123955189179, 0.9831416662961768, -0.09881051220668789
1.1601317266655924, 0.45592338827196394, 0.21740097765053512
-0.4080957284257425, -0.1412668393292079, 0.9067342968641587
-1.749413853686452, -0.6823050089050835, 0.9609179493299541
-1.454810479344612, 0.15684706677903557, 0.3205872144772
-0.810113515791011, 0.0, -0.8101135157910107
0.0, 0.0, -1.145673521093398
2.21836262045038, 1.223284561128237, -0.3601622473276986
0.37103603268647506, 1.1782246720343772, 0.08419780350414727
-0.6841725873028538, 0.8540969946540506, 0.2699530466774571
0.5148300657774084, 0.052518979316464105, 0.3911478996609694
0.25595059113942387, -0.38990141872536194, 0.2130292327436642
0.0, -0.810113515791011, -0.8101135157910107
0.0, 0.8101135157910105, -0.810113515791011
# HMM: PI
1.0, 0.0, 0.0, 0.0, 0.0, 0.0, 0.0, 0.0
# HMM: A
0.33333333333333337, 0.33333333333333337, 0.33333333333333337, 0.0, 0.0, 0.0, 0.0, 0.0
0.0, 0.33333333333333326, 0.3333333333333333, 0.3333333333333333, 0.0, 0.0, 0.0, 0.0
0.0, 0.0, 0.3333333333333334, 0.3333333333333334, 0.3333333333333335, 0.0, 0.0, 0.0
0.0, 0.0, 0.0, 0.33333333333333337, 0.3333333333333335, 0.3333333333333335, 0.0, 0.0
0.0, 0.0, 0.0, 0.0, 0.33333333333333337, 0.33333333333333337, 0.3333333333333334, 0.0
0.0, 0.0, 0.0, 0.0, 0.0, 0.33333333333333326, 0.33333333333333326, 0.33333333333333326
0.0, 0.0, 0.0, 0.0, 0.0, 0.0, 0.5, 0.5
0.0, 0.0, 0.0, 0.0, 0.0, 0.0, 0.0, 1.0
# HMM: B
2.7096956814499777E-7, 8.695075106504595E-9, 0.7214879652747163, 0.010164099209832023, 2.4334357216699106E-4, 0.0, 0.0, 7.085054192864679E-8, 2.8462573460108397E-6, 2.3773357312625577E-5, 0.26807760189789914, 3.6218863736581975E-12, 0.0, 1.9911919823827094E-8
7.029749740106102E-6, 2.562371966650309E-7, 0.8881437487358067, 0.0725309205028252, 0.0035389455247113095, 0.0, 0.0, 2.029803897164889E-6, 6.254506120472992E-5, 4.4062128835650955E-4, 0.035273385231052404, 1.5529150121930512E-10, 0.0, 5.177099175293648E-7
3.2973550767762666E-5, 1.355814437715604E-6, 0.8362643381838827, 0.12380427673894114, 0.009890144674365478, 0.0, 0.0, 1.0426551769335717E-5, 2.5188038510296634E-4, 0.0015233867916220943, 0.02821880016523444, 1.1641992078263376E-9, 0.0, 2.4159796772994224E-6
1.9452251999793667E-4, 9.028084815673706E-6, 0.6814448897856321, 0.264358045604617, 0.034707696145362954, 0.0, 0.0, 6.716315269651713E-5, 0.0012773508820170282, 0.006638903690365058, 0.011288307580101036, 1.0840943259457332E-8, 0.0, 1.4081713451418723E-5
6.737369584542444E-4, 3.5392269578976E-5, 0.5475539368627153, 0.35419878999213505, 0.07132978016446319, 0.0, 0.0, 2.534678762721474E-4, 0.0037999125624799614, 0.01697259861004163, 0.005134508174240789, 5.889287158034738E-8, 0.0, 4.781763674719086E-5
0.0022017177184162936, 1.3151306591592695E-4, 0.36499302944624934, 0.4437775916743227, 0.13648388856466628, 0.0, 0.0, 9.010289610562586E-4, 0.010632307743619536, 0.04071003074589154, 1.672835025940206E-5, 3.0111959023575826E-7, 0.0, 1.51862610012535E-4
0.011567547701782957, 0.001063452315387236, 0.20353295738652435, 0.41397390279224605, 0.2240952735687909, 0.0, 0.0, 0.005875785691636773, 0.03708509488219608, 0.1018824559216323, 2.272545885080604E-4, 8.119842861651147E-6, 0.0, 6.881553084341559E-4
0.1951067079232129, 0.10584857995523778, 0.01859370708891328, 0.07754483259533948, 0.10386828259900933, 0.0, 0.0, 0.13651967046478206, 0.11723272479333484, 0.13007973499184616, 0.08723453814129421, 0.02492952325046018, 0.0, 0.0030416981965696475
# END