# numStates:
8
# numObservations:
14
# defaultProbability:
6.017825667739224E-56
# Quantizer: Radius
0.8817126046743602
# Quantizer: MAP
1.4868069884000856, 0.23203707987095118, -0.033319214195825536
0.7957353884771954, -0.06889574288879474, 0.04311869276156249
0.15391511174875142, 0.19581826645974834, 1.5216970213291747
-0.6301461499186185, -0.0643676037703879, 0.4527138379838121
-1.0659827305659666, -0.17771232930469674, 9.211526236150291E-4
-0.6180622366103989, -0.0019394314931663918, -0.27868594485705106
-0.14925400349582427, -0.22657091528095924, -1.2257941438086326
0.4072762695970501, 0.204699898288097, -0.4920011879464584
-0.12241584197849084, 0.2312474598355553, 0.06494335660075122
0.015183091046300059, 0.18067132589327167, 0.9744127382996287
0.07857518520231387, -0.031267648115988575, 0.42053341274677114
-0.3015692675807588, -0.21826581473194548, -0.04122994363634027
0.13116260133074575, -0.11251641178444115, -0.07870105294710358
-0.10740634823523407, -0.007772945168881013, -0.5975071703735889
# HMM: PI
1.0, 0.0, 0.0, 0.0, 0.0, 0.0, 0.0, 0.0
# HMM: A
0.3333333333333334, 0.3333333333333334, 0.3333333333333334, 0.0, 0.0, 0.0, 0.0, 0.0
0.0, 0.33333333333333337, 0.33333333333333337, 0.33333333333333337, 0.0, 0.0, 0.0, 0.0
0.0, 0.0, 0.33333333333333337, 0.33333333333333337, 0.3333333333333334, 0.0, 0.0, 0.0
0.0, 0.0, 0.0, 0.33333333333333337, 0.33333333333333337, 0.33333333333333337, 0.0, 0.0
0.0, 0.0, 0.0, 0.0, 0.3333333333333333, 0.3333333333333333, 0.33333333333333337, 0.0
0.0, 0.0, 0.0, 0.0, 0.0, 0.33333333333333337, 0.33333333333333337, 0.33333333333333337
0.0, 0.0, 0.0, 0.0, 0.0, 0.0, 0.5, 0.5
0.0, 0.0, 0.0, 0.0, 0.0, 0.0, 0.0, 1.0
# HMM: B
3.6521156522186876E-13, 2.1302928129411742E-11, 0.08900759579009847, 1.9897922991909166E-5, 4.4917080582072905E-10, 5.97367724865907E-8, 4.0261167436033424E-7, 4.898492113752168E-6, 2.2779236930411834E-5, 0.8367384956319697, 0.07419235167441154, 2.22121105553529E-6, 1.262038095752426E-6, 1.0035183047358205E-5
1.7022794509551374E-11, 8.949295561480217E-10, 0.3783201844472992, 2.91580418810733E-4, 1.5787883187527087E-8, 1.433702816836591E-6, 9.910145196424969E-6, 7.885717313649748E-5, 4.080350919530183E-4, 0.5978021481762175, 0.02281992236344076, 4.171287909656232E-5, 2.5664931272573217E-5, 2.00533970924356E-4
1.3821515579821558E-10, 6.582457790379974E-9, 0.46754390421514386, 8.146793452585405E-4, 9.79213236887808E-8, 6.2128609948863395E-6, 4.454551091488392E-5, 2.3850438955420327E-4, 0.0013694093540772285, 0.5103966654601876, 0.018600431929199017, 1.456442322319978E-4, 9.573813353284334E-5, 7.44159926908439E-4
1.391634640430883E-9, 6.017885257074175E-8, 0.6536982602826293, 0.0028437422273519934, 7.566233936406295E-7, 3.3646429176319615E-5, 2.533454991189557E-4, 9.010406294082032E-4, 0.005794881010804862, 0.3165758220821953, 0.015316856617436035, 6.411836235829213E-4, 4.473219034379389E-4, 0.003493081500977146
8.16938559033882E-9, 3.2107764096321683E-7, 0.6538615409215018, 0.005784374112358125, 3.412014938910756E-6, 1.0610867287940776E-4, 8.506594500535907E-4, 0.0019797196777925083, 0.01438806456405182, 0.2798151572363198, 0.030671331901910837, 0.0016603186577343971, 0.0012183741615868831, 0.009660609381845094
4.5143367394421663E-8, 1.6125340142079307E-6, 0.595363034712947, 0.010915084369222672, 1.4462715048789283E-5, 3.1249418086445294E-4, 0.0027090212709711477, 0.004035319204445976, 0.033493922441310046, 0.26351457703641484, 0.057258219939864026, 0.004060060427435658, 0.003097511130525962, 0.025224634893567667
1.935730601408946E-6, 3.962888699407725E-5, 0.413695923608629, 0.01798845544007478, 1.6615517919332053E-4, 0.0011717963465859788, 0.013676198401134739, 0.007416683575354476, 0.07866597719104244, 0.2794326512390404, 0.09042535564286652, 0.011397643004395178, 0.008603001741965906, 0.07731859401212172
0.05377582222972322, 0.06423141552720779, 0.06212670845914021, 0.08668447656856312, 0.06348160139923946, 0.08810080506748606, 0.04670541571631591, 0.07292578461017546, 0.05200020549879249, 0.06837326111821274, 0.05837892100012388, 0.09152479974256296, 0.08414078246758167, 0.10755000059487507
# END