# numStates:
8
# numObservations:
14
# defaultProbability:
2.774535047232177E-10
# Quantizer: Radius
1.5764544741917692
# Quantizer: MAP
0.34519656612526667, -0.11020757622617647, -0.24142930474251342
-0.015283323123991936, 0.15207610545665323, 1.0966089672551604
-0.2960038676909375, 0.3822748929772918, 2.368731759933634
-1.114721648932873, 0.0, 1.1147216489328733
-1.5764544741917692, 0.0, 0.0
-0.6393301390047104, -0.8619240597606226, -2.5232975926635772
0.04466130803899663, -0.21754414569683153, -2.95173921210265
0.12431354168230742, -0.1679098459467523, -0.9496167860269559
0.6416231422632798, 0.8841142056996533, 0.28539369966308686
0.37083175024427806, 0.935083490916938, 1.58551184161218
-0.19995089776810213, -0.5288964748209581, 0.42505218879129786
-0.11102997486715463, -0.44355896652358145, -0.07158576781351438
-0.19288804178582766, -0.3690471290012359, -1.7551797756994107
0.44560057932219566, 0.5924491624584612, -1.128425902914459
# HMM: PI
1.0, 0.0, 0.0, 0.0, 0.0, 0.0, 0.0, 0.0
# HMM: A
0.3333333333333333, 0.3333333333333333, 0.3333333333333334, 0.0, 0.0, 0.0, 0.0, 0.0
0.0, 0.3333333333333333, 0.3333333333333334, 0.3333333333333334, 0.0, 0.0, 0.0, 0.0
0.0, 0.0, 0.33333333333333326, 0.33333333333333326, 0.3333333333333333, 0.0, 0.0, 0.0
0.0, 0.0, 0.0, 0.3333333333333332, 0.3333333333333334, 0.3333333333333334, 0.0, 0.0
0.0, 0.0, 0.0, 0.0, 0.3333333333333334, 0.3333333333333334, 0.3333333333333335, 0.0
0.0, 0.0, 0.0, 0.0, 0.0, 0.33333333333333326, 0.3333333333333333, 0.3333333333333333
0.0, 0.0, 0.0, 0.0, 0.0, 0.0, 0.5, 0.5
0.0, 0.0, 0.0, 0.0, 0.0, 0.0, 0.0, 1.0
# HMM: B
1.2627590477520133E-7, 0.9699266930969368, 0.029628124961349242, 0.0, 0.0, 1.2309973391151131E-7, 1.2679304459241839E-6, 3.7870544193671787E-7, 5.511685904907879E-5, 3.8055861146851517E-4, 2.124423745129197E-12, 1.2374112629036482E-10, 5.869570365417459E-7, 7.0233767677533025E-6
2.7895319915001618E-6, 0.8111708925693288, 0.18252122215659972, 0.0, 0.0, 3.428171922779702E-6, 3.013988070731846E-5, 7.606425920822389E-6, 9.270026635100434E-4, 0.005182641899574265, 8.92258512188479E-11, 4.668332205128635E-9, 1.261181913878067E-5, 1.4166012374786346E-4
1.1227021987837416E-5, 0.7127526540847, 0.26987940591648035, 0.0, 0.0, 1.7115447485538205E-5, 1.3017765530682626E-4, 2.8072691684773803E-5, 0.002943155548598351, 0.013660177202721835, 6.54324542597937E-10, 3.099503640454129E-8, 5.0058614761339234E-5, 5.279241669119876E-4
5.667548613705781E-5, 0.4656996641642614, 0.47376182732690014, 0.0, 0.0, 1.070051603363679E-4, 7.063931565426158E-4, 1.2997826097609278E-4, 0.01177391659662805, 0.045034200639510094, 5.948503047254277E-9, 2.563009581389553E-7, 2.520856791322648E-4, 0.002477991280114684
1.673797735520427E-4, 0.3433084060808285, 0.5315942787939395, 0.0, 0.0, 3.912436991890582E-4, 0.0022449674333330856, 3.519856000365147E-4, 0.027618396723379023, 0.08675135688696275, 3.147465782941362E-8, 1.2377553357508743E-6, 7.520286535029312E-4, 0.006818687125282937
4.64782731993296E-4, 0.20074851721153267, 0.5545992269543109, 0.0, 0.0, 0.0013446889554410645, 0.006706060404750354, 8.954167915748845E-4, 0.060619508882145845, 0.15486642508215026, 1.563295324295688E-7, 5.626626034728519E-6, 0.0021372834345140786, 0.01761230659601942
0.00171469316725584, 0.10860659024276696, 0.43931682167271174, 0.0, 0.0, 0.007823574712919413, 0.02714415481773005, 0.0027428155081864716, 0.12712138383285568, 0.2257796921966461, 3.4147965849558655E-6, 8.709522216992516E-5, 0.00857019158014549, 0.051089572250027714
0.0822578094600515, 0.010392843695427601, 0.07638205877600775, 0.0, 0.0, 0.12535775513817296, 0.15367644072742367, 0.06662976910989729, 0.11545156294449735, 0.09485680075048096, 0.0025774326163950727, 0.041235244910298695, 0.12775504818017544, 0.10342723369117181
# END